251.501 128.355 128.43
132.768 188.028 159.109
129.013 181.281 153.118
139.997 193.815 162.754
176.259 177.627 124.523
179.913 175.122 122.725
178.503 166.238 116.864
198.493 158.819 106.888
144.156 174.511 117.44
142.036 186.825 118.776
150.998 146.82 101.92
88.0013 155.274 90.4536
82.2621 153.063 92.4584
94.3651 149.773 96.2517
78.1932 132.06 93.1293
132.882 140.763 70.9555
142.924 132.408 87.6002
118.059 128.224 86.2133
114.891 133.491 79.9001
112.237 131.913 82.3533
170.825 115.376 86.7246
195.195 108.782 97.7955
183.573 113.541 100.934
187.19 97.8593 182.677
123.717 98.4634 123.479
144.284 77.8189 155.117
148.973 80.8581 148.994
196.763 83.8921 176.958
210.763 72.9111 202.056
209.934 73.8914 192.903
192.22 69.8836 158.716
228.863 106.351 127.091
236.158 113.431 129.089
229.877 121.165 184.493
222.887 117.608 197.328
232.322 116.124 214.054
218.563 121.367 159.233
237.925 122.042 161.171
247.178 112.403 172.152
98.6392 133.006 151.796
124.433 157.672 165.139
131.764 154.606 155.446
144.539 160.112 157.827
197.845 130.475 203.404
206.562 129.154 205.302
141.18 185.766 177.925
178.87 158.343 182.783
191.133 151.14 197.267
208.726 135.463 205.772
233.771 116.861 208.087
232.1 123.993 169.667
221.833 134.835 155.548
221.244 137.374 148.75
231.001 135.932 136.412
203.878 137.348 137.991
189.908 127.897 131.114
48.6065 124.02 130.387
