250.305 250.764 251.607
75.0345 64.6073 221.574
80.9867 73.0903 207.71
75.7196 62.7313 238.599
176.622 130.509 247.893
183.583 137.212 247.452
192.075 144.838 228.763
231.75 173.151 231.348
155.277 101.009 202.684
151.294 82.4113 217.981
188.399 133.542 153.035
141.552 68.1565 90.5417
132.498 64.5038 83.4214
138.562 77.1722 94.3682
126.882 73.6559 19.648
222.493 123.224 42.0369
204.337 135.763 86.5259
179.739 113.756 25.0795
187.11 108.72 12.9193
180.048 106.676 13.9605
236.574 173.264 28.6862
243.582 201.441 85.8297
224.994 186.304 100.974
71.2243 193.026 155.833
122.321 129.016 15.92
86.1493 155.815 10.4844
101.973 159.964 26.724
94.5067 209.624 132.324
38.1064 228.945 133.831
66.2502 227.752 129.184
126.228 210.519 47.477
226.487 237.464 175.137
230.961 241.813 202.923
114.413 227.643 247.558
69.7951 221.615 236.924
18.8834 232.421 250.893
154.596 215.994 223.756
171.266 237.048 247.598
158.338 252.498 245.896
52.5873 87.5418 111.205
53.7824 94.0481 175.211
77.7065 104.181 177.131
85.8922 112.138 199.764
18.7289 186.727 230.31
22.7804 196.802 239.06
47.3499 78.3982 232.889
69.5539 147.629 244.112
35.2554 165.677 251.35
24.0617 195.119 251.456
48.3933 233.736 252.224
148.516 229.014 248.957
165.752 211.618 249.207
178.24 209.704 249.056
212.251 222.227 249.747
180.182 191.597 222.874
177.536 182.884 185.409
43.2781 48.3984 42.1458
