19.6411 4.80125 253.134
166.382 181.848 221.574
163.268 166.356 207.71
174.456 188.502 238.599
168.027 120.723 247.893
167.169 113.643 247.452
162.997 93.8707 228.765
149.771 65.6395 232.858
163.942 129.256 202.684
164.708 159.991 217.981
130.874 75.9754 188.399
129.104 135.793 141.552
128.272 135.255 132.498
128.318 114.962 138.562
105.064 218.236 126.882
106.596 208.839 222.493
107.544 148.988 204.337
102.898 222.176 179.739
103.586 239.326 187.11
103.373 237.037 180.048
99.1668 224.577 236.574
98.0458 165.29 243.582
99.4275 141.48 224.994
39.1271 162.687 193.026
88.3214 228.756 129.268
75.5482 240.001 155.815
76.876 214.846 159.964
50.1583 140.419 209.624
44.8501 212.771 228.945
48.1114 181.357 227.758
74.1754 198.84 210.519
85.06 67.2209 237.499
82.1508 41.5355 242.002
25.3525 137.173 247.558
27.1204 180.657 236.932
27.6392 235.642 250.912
26.6194 79.0705 223.758
26.435 78.7217 247.625
32.1296 95.0492 252.544
17.8106 135.598 111.205
9.88486 178.454 175.211
8.13486 144.467 177.131
6.91214 146.347 199.764
23.8002 234.835 230.31
24.1237 231.045 239.06
5.05124 203.526 232.889
13.3752 182.585 244.112
17.9412 219.027 251.35
22.5264 230.479 251.456
27.16 206.093 252.224
23.9877 102.822 248.957
16.6407 85.3484 249.209
13.4542 72.5173 249.064
9.51066 38.3112 249.758
7.99122 49.0278 222.874
21.5925 10.9082 185.463
62.7381 44.7374 48.5428
