251.607 250.764 250.305
221.574 64.6073 75.0345
207.71 73.0903 80.9867
238.599 62.7313 75.7196
247.893 130.509 176.622
247.452 137.212 183.583
228.763 144.838 192.075
231.348 173.151 231.75
202.684 101.009 155.277
217.981 82.4113 151.294
153.035 133.542 188.399
90.5417 68.1565 141.552
83.4214 64.5038 132.498
94.3682 77.1722 138.562
19.648 73.6559 126.882
42.0369 123.224 222.493
86.5259 135.763 204.337
25.0795 113.756 179.739
12.9193 108.72 187.11
13.9605 106.676 180.048
28.6862 173.264 236.574
85.8297 201.441 243.582
100.974 186.304 224.994
155.833 193.026 71.2243
15.92 129.016 122.321
10.4844 155.815 86.1493
26.724 159.964 101.973
132.324 209.624 94.5067
133.831 228.945 38.1064
129.184 227.752 66.2502
47.477 210.519 126.228
175.137 237.464 226.487
202.923 241.813 230.961
247.558 227.643 114.413
236.924 221.615 69.7951
250.893 232.421 18.8834
223.756 215.994 154.596
247.598 237.048 171.266
245.896 252.498 158.338
111.205 87.5418 52.5873
175.211 94.0481 53.7824
177.131 104.181 77.7065
199.764 112.138 85.8922
230.31 186.727 18.7289
239.06 196.802 22.7804
232.889 78.3982 47.3499
244.112 147.629 69.5539
251.35 165.677 35.2554
251.456 195.119 24.0617
252.224 233.736 48.3933
248.957 229.014 148.516
249.207 211.618 165.752
249.056 209.704 178.24
249.747 222.227 212.251
222.874 191.597 180.182
185.409 182.884 177.536
42.1458 48.3984 43.2781
