238.217 250.769 252.008
127.523 98.2508 82.7735
125.914 101.814 89.1862
133.996 100.548 83.5402
180.253 158.324 187.68
183.737 163.498 195.061
180.295 165.567 203.692
198.65 189.287 244.04
147.219 126.048 163.003
146.17 115.719 157.297
144.356 141.185 197.358
86.7646 77.7087 143.868
80.8747 72.9418 134.713
91.0081 84.7852 142.183
56.8276 65.4964 129.226
101.043 112.627 226.191
120.606 129.733 211.468
82.9634 99.1384 184.318
77.4689 93.4921 190.471
75.8902 91.7593 183.57
115.971 146.565 244.917
150.866 179.374 253.18
148.35 170.444 237.171
145.629 175.826 93.2
74.2758 103.956 131.405
75.0929 119.381 100.129
86.1176 126.95 115.982
146.092 184.376 116.849
143.449 194.451 65.5903
146.16 194.638 92.0897
117.135 169.278 145.464
197.513 222.928 245.372
211.336 232.281 249.582
203.649 223.21 140.151
189.062 213.431 96.8118
189.48 220.476 49.9907
196.913 212.749 176.475
217.285 234.031 195.094
219.774 243.813 184.808
86.145 89.5598 62.0561
115.112 107.889 65.2158
123.83 117.292 89.1781
137.478 128.368 98.3578
164.655 183.39 44.0115
172.557 192.736 49.2328
132.129 108.52 58.347
165.527 162.01 87.909
168.773 173.995 57.609
177.313 194.234 50.4868
195.838 223.789 78.2158
210.872 226.923 172.754
207.851 215.776 187.002
209.362 215.324 198.697
220.296 226.833 232.39
192.441 196.933 197.863
173.402 182.539 193.577
41.9922 46.2321 47.2088
