250.976 128.45 127.639
112.723 205.617 106.732
114.233 194.636 109.237
116.798 214.857 104.835
170.852 182.919 131.238
175.447 179.328 132.571
175.341 166.147 137.491
197.267 152.342 147.493
137.601 174.441 138.013
130.791 190.149 139.609
145.641 133.312 152.126
83.2275 133.227 160.934
77.9271 131.935 158.826
89.3206 131.607 155.78
63.5553 96.6415 163.742
110.268 79.348 191.349
128.833 97.7826 170.595
94.7736 78.3002 175.931
89.0198 73.7546 183.359
87.3276 75.6953 180.338
137.256 50.5834 184.042
171.686 66.7852 168.568
165.205 82.1843 161.739
168.018 119.309 73.375
94.4439 72.0351 143.737
104.424 61.0339 117.651
113.529 66.1312 121.466
173.37 98.6799 83.5124
178.735 95.9412 48.6373
179.855 91.8262 63.8746
152.179 53.3492 113.357
217.54 97.7197 132.997
228.905 109.44 129.056
220.712 147.159 68.0047
208.876 148.015 49.5077
213.572 154.631 18.133
211.237 136.837 96.0184
232.7 138.641 93.3382
239.784 132.379 82.0383
90.6286 142.685 106.526
113.75 171.893 94.1469
123.014 166.65 102.451
135.386 173.971 100.09
180.609 163.499 36.6493
189.597 163.322 33.8734
121.038 207.754 86.4319
167.548 182.564 72.7037
176.423 181.41 48.33
192.476 170.097 32.982
218.145 152.34 32.2017
225.814 144.518 84.3916
217.638 150.544 98.7087
217.923 150.246 105.627
229.321 142.576 118.339
199.642 144.597 116.952
182.957 129.77 124.88
45.9915 125.261 126.544
