251.451 97.4596 136.485
132.662 180.347 156.816
128.896 168.182 153.599
139.872 190.739 159.151
176.12 149.569 122.259
179.764 145.512 120.212
178.339 131.339 113.533
198.323 117.565 99.1623
144.032 139.706 113.728
141.909 155.216 113.257
150.845 101.234 95.2617
87.9047 99.8258 84.764
82.1643 99.1279 88.938
94.2874 99.2868 91.4471
78.1034 84.8218 91.7177
132.751 78.4212 50.2168
142.796 80.9282 75.035
117.946 77.5397 76.0069
114.802 78.1925 66.7712
112.134 78.4248 70.8319
170.683 66.1575 73.3411
195.022 64.9871 91.6013
183.437 70.8724 96.4962
187.044 83.535 203.406
123.62 70.4275 134.149
144.171 61.3202 176.811
148.832 62.1326 170.042
196.612 69.127 202.796
210.585 63.138 226.57
209.778 62.6552 219.239
192.059 53.0787 185.723
228.677 74.6443 138.436
235.969 82.1831 140.325
229.706 109.827 205.502
222.729 108.265 214.707
232.179 110.811 229.316
218.393 102.237 179
237.729 103.723 181.668
246.978 96.7752 196.391
98.5778 109.196 160.29
124.325 142.168 168.641
131.653 135.743 162.266
144.425 144.042 164.335
197.701 123.545 212.596
206.404 122.884 215.775
141.05 185.076 172.605
178.721 152.073 188.971
190.991 147.139 201.697
208.555 130.664 214.699
233.618 110.511 225.323
231.928 108.765 190.777
221.67 115.81 172.056
221.043 115.966 163.124
230.816 108.9 146.934
203.717 110.779 148.506
189.725 97.7681 140.372
48.5655 94.7544 138.844
