250.705 128.422 127.64
85.6268 194.818 118.675
90.7923 185.668 119.291
86.6529 202.758 118.336
157.685 172.404 144.727
163.655 169.205 145.552
168.484 157.7 148.753
197.377 144.746 158.134
128.827 164.181 151.33
118.474 177.01 156.743
152.148 128.427 159.76
92.6259 127.043 170.86
86.9834 126.375 167.895
97.4703 126.631 164.031
83.4023 96.6293 166.088
143.654 77.9426 197.153
150.658 96.4703 175.039
123.361 79.6049 177.39
121.22 74.6515 185.82
118.038 76.7433 182.329
175.672 55.6682 181.426
200.857 71.3929 165.456
188.144 85.1057 160.322
152.345 129.579 56.8457
114.134 79.6487 135.229
118.439 74.7924 99.694
127.465 78.3907 105.574
166.38 111.211 64.9219
161.041 114.648 20.152
168.25 108.745 38.5557
166.745 69.3721 92.4713
227.077 102.403 127.438
234.144 112.641 125.071
196.065 153.482 56.3795
177.969 156.946 33.2241
170.65 167.428 6.021
198.414 140.41 89.6098
218.575 142.252 86.5327
223.578 138.911 70.797
79.7566 143.474 104.149
91.2348 169.238 95.1414
104.587 163.573 104.404
114.217 170.043 103.179
141.44 171.708 20.3599
149.553 172.036 16.784
86.6955 199.876 93.5139
135.275 181.673 70.3696
136.451 184.504 39.2812
150.375 177.808 17.233
180.418 163.258 16.4317
207.264 148.612 76.4808
202.205 151.263 96.0325
204.765 149.888 104.723
222.374 141.44 119.061
191.734 143.362 117.769
181.691 129.762 124.063
46.0771 126.219 125.354
