0
147 62 137 72
88 130 92 126
145 73 150 68
154 73 149 78
115 112 74 153
71 165 124 112
153 83 158 78
162 83 157 88
144 101 142 103
131 114 68 177
67 187 138 116
146 108 156 98
161 93 166 88
169 94 149 114
145 118 68 195
69 203 152 120
156 116 178 94
188 93 163 118
160 121 69 212
64 226 198 92
206 93 128 171
123 176 121 178
116 183 65 234
66 242 113 195
135 173 135 173
137 171 215 93
223 94 143 174
119 198 68 249
70 256 125 201
127 199 127 199
150 176 231 95
238 97 154 181
133 202 72 263
74 270 138 206
158 186 236 108
239 105 245 99
245 108 160 193
148 205 77 276
80 282 255 107
265 106 82 289
86 294 274 106
281 108 89 300
93 305 286 112
288 112 94 306
98 311 294 115
299 119 102 316
106 321 304 123
309 127 110 326
115 330 314 131
317 137 119 335
124 339 321 142
324 148 129 343
134 347 327 154
329 161 144 346
153 346 332 167
333 175 161 347
168 349 335 182
336 190 173 353
179 356 336 199
336 208 186 358
195 358 336 217
335 227 216 346
226 345 333 238
329 251 232 348
239 350 323 266
318 280 246 352
261 346 308 299
